18
19
20
21
22
34
35
36
37
38
39
40
41
42
43
44
45
178
179
180
181
182
183
184
185
186
187
188
189
190
191
192
193
194
195
196
197
198
199
200
201
202
203
204
205
206
207
208
209
210
211
212
213
215
216
217
218
219
220
221
222
223
224
225
226
227
228
229
230
231
232
233
234
235
236
237
238
239
240
241
242
243
244
245
246
247
248
249
250
251
252
253
254
255
256
257
258
259
260
261
262
263
264
265
266
267
269
377
380
393
394
399
400
421
434
438
439
440
442
443
444
447
448
450
451
452
453
454
455
456
457
458
459
462
463
464
482
483
484
485
486
487
488
489
490
491
492
493
494
495
496
498
499
501
503
506
519
520
521
523
524
526
527
529
530
533
561
562
563
564
565
566
567
568
569
570
572
573
574
575
577
578
580
581
582
583
584
585
586
587
588
589
590
591
592
593
594
596
597
598
599
601
602
603
605
606
607
608
609
617
620
621
622
623
624
625
626
627
628
629
630
631
632
633
634
638
639
640
641
642
643
644
645
648
649
650
651
652
653
654
655
656
657
672
683
684
685
686
687
689
690
691
692
786
788
790
803
804
805
806
807
808
809
810
811
812
813
814
819
820
821
824
828
830
833
834
836
838
840
842
843
844
845
848
883
891
894
895
896
898
899
900
901
902
938
939
940
941
944
946
950
952
954
955
956
967
968
970
971
972
973
974
975
976
977
978
979
983
984
985
986
987
988
989
990
991
992
996
998
1010
1026
1032
1067
1072
1075
1079
1099
1100
1102
1105
1106
1109
1112
1115
1116
1118
1119
1121
1123
1124
1126
1128
1129
1131
1134
1135
1138
1139
1142
1143
1145
1146
1147
1148
1149
1150
1151
1152
1153
1154
1155
1156
1157
1158
1160
1164
1165
1166
1167
1168
1170
1171
1172
1173
1174
1175
1176
1177
1178
1179
1182
1183
1185
1186
1190
1192
1195
1198
1201
1202
1212
1214
1218
1221
1223
1224
1225
1226
1227
1228
1229
1230
1231
1232
1236
1240
1242
1244
1245
1247
1248
1254
1255
1256
1264
1266
1274
1276
1286
1294
1296
1302
1304
1305
1306
1315
1317
1318
1319
1333
1334
1335
1353
1354
1355
1401
1403
1404
1405
1422
1436
1445
1447
1537
1539
1540
1541
1547
1549
1551
1559
1563
1565
1798
1808
1809
1810
1814
1816
1818
1820
1822
1824
1826
1828
1829
1830
1832
1833
1855
1875
1876
1877
1893
1944
1945
1947
1948
1949
1951
1952
1955
1956
1957
1958
1959
1960
1963
1964
1968
1969
1973
1977
1978
1986
1987
1998
1999
2002
2003
2004
2005
2006
2007
2018
2020
2021
2024
2032
2038
2040
2041
2046
2047
2048
2050
2073
2078
2082
2103
2104
2108
2109
2117
2161
2173
2174
2175
2183
2184
2185
2188
2193
2194
2195
2203
2204
2205
2254
2258
2259
2260
2261
2262
2267
2268
2270
2272
2281
2286
2287
2288
2289
2290
2291
2292
2293
2294
2295
2296
2297
2299
2301
2303
2305
2306
2307
2308
2309
2310
2311
2312
2317
2319
2321
2327
2328
2329
2331
2332
2333
2341
2344
2345
2346
2348
2349
2351
2352
2354
2355
2358
2360
2361
2363
2364
2366
2367
2374
2389
2390
2392
2393
2395
2396
2397
2398
2399
2400
2401
2403
2404
2406
2410
2420
2436
2444
2445
2446
2454
2455
2456
2463
2464
2465
2466
2476
2477
2478
2486
2487
2488
2495
2505
2506
2507
2508
2509
2510
2511
2512
2514
2516
2524
2525
2529
2530
2531
2533
2534
2537
2538
2539
2545
2546
2547
2549
2550
2551
2553
2559
2563
2567
2571
2575
2579
2580
2583
2584
2588
2589
2592
2603
2604
2605
2613
2621
2629
2637
2647
2655
2679
2739
2741
2801
2811
2817
2826
2833
2863
2865
2867
2868
2869
2870
2871
2872
2873
2875
2876
2881
2889
2897
2905
2913
2921
2929
2937
2945
2948
2953
2961
2969
2977
2985
2993
2998
3001
3009
3017
3025
3033
3041
3049
3057
3065
3074
3080
3081
3082
3084
3090
3092
3093
3095
3098
3106
3114
3119
3120
3122
3130
3136
3138
3143
3146
3154
3162
3170
3178
3184
3186
3189
3192
3193
3194
3195
3197
3198
3204
3210
3213
3214
3215
3218
3224
3237
3238
3239
3240
3242
3243
3244
3246
3256
3257
3258
3262
3265
3266
3267
3270
3285
3291
3293
3296
3297
3300
3301
3302
3303
3304
3305
3306
3307
3308
3309
3310
3311
3312
3315
3316
3317
3318
3319
3320
3321
3322
3323
3324
3325
3326
3327
3328
3329
3330
3331
3332
3333
3334
3335
3336
3337
3338
3339
3340
3341
3342
3343
3346
3348
3349
3350
3351
3352
3354
3355
3356
3357
3358
3359
3361
3363
3368
3373
3380
3385
3386
3387
3388
3389
3392
3393
3394
3395
3396
3397
3398
3400
3402
3403
3405
3406
3408
3409
3410
3411
3412
3413
3416
3417
3418
3419
3420
3421
3422
3423
3424
3425
3426
3427
3428
3429
3430
3431
3432
3433
3434
3435
3436
3437
3438
3439
3440
3441
3442
3443
3444
3446
3447
3449
3450
3451
3452
3453
3454
3455
3456
3465
3466
3467
3469
3475
3477
3478
3479
3481
3482
3488
3496
3504
3512
3520
3528
3529
3530
3532
3534
3536
3538
3539
3540
3542
3544
3546
3550
3551
3552
3553
3554
3555
3556
3559
3561
3563
3565
3566
3567
3568
3571
3573
3575
3576
3577
3578
3581
3586
3587
3588
3596
3597
3598
3606
3607
3608
3616
3617
3643
3645
3647
3651
3653
3655
3663
3665
3673
3683
3685
3687
3689
3691
3693
3695
3697
3699
3703
3705
3707
3709
3711
3713
3715
3717
3719
3721
3723
3725
3727
3729
3731
3732
3756
3766
3767
3771
3773
3775
3777
3779
3806
3810
3812
3814
3820
3822
3826
3828
3829
3830
3831
3839
3840
3841
3849
3851
3887
3888
3893
3894
3895
3898
3937
3941
3947
3953
3955
3958
3962
3977
3979
3981
3983
3986
3987
3989
3993
3995
3997
4009
4013
4014
4016
4025
4027
4029
4031
4033
4046
4048
4051
4057
4098
4122
4138
4141
4144
4147
4156
4164
4167
4169
4172
4180
4188
4216
4234
4238
4239
4240
4246
4247
4248
4250
4254
4256
4258
4260
4262
4264
4266
4268
4270
4272
4274
4276
4278
4280
4282
4284
4286
4288
4290
4292
4294
4296
4299
4302
4306
4307
4308
4310
4311
4312
4313
4314
4315
4316
4345
4346
4347
4348
4349
4358
4363
4366
4367
4368
4383
4385
4391
4393
4395
4396
4397
4399
4401
4403
4405
4409
4411
4435
4471
4473
4475
4477
4529
4531
4533
4535
4569
4571
4573
4575
4609
4611
4613
4615
4785
4787
4789
4791
4829
4831
4833
4835
4869
4871
4873
4875
5007
5009
5011
5013
5047
5049
5051
5053
5087
5089
5091
5093
5135
5137
5139
5141
5175
5177
5179
5181
5215
5217
5219
5221
5239
5245
5279
5280
5281
5282
5299
5300
5301
5302
5319
5320
5321
5322
5339
5340
5341
5342
5359
5361
5363
5365
5399
5401
5403
5405
5439
5441
5443
5445
5493
5533
5599
5631
5647
5649
5683
5693
5697
5719
5721
5723
5743
5745
5747
5755
5757
5759
5831
5833
5835
5837
5839
5841
5843
5845
5846
5849
5857
5858
5865
5867
5869
5871
5913
5915
5917
5929
5931
5933
5935
5945
5955
5971
5973
5975
6001
6003
6005
6073
6083
6097
6111
6131
6135
6157
6158
6159
6160
6173
6174
6175
6176
6195
6199
6203
6207
6212
6218
6222
6226
6230
6234
6243
6244
6251
6258
6259
6260
6267
6268
6275
6290
6293
6294
6295
6296
6325
6326
6327
6328
6437
6439
6441
6443
6485
6487
6489
6491
6527
6569
6631
6633
6635
6637
6671
6673
6675
6677
6715
6717
6719
6721
6757
6761
6763
6805
6807
6809
6811
6859
6861
6863
6865
6919
6921
6923
6925
6959
6961
6963
6965
6999
7001
7003
7005
7043
7045
7047
7049
7083
7085
7087
7089
7123
7125
7127
7131
7167
7169
7171
7173
7217
7218
7219
7220
7247
7249
7251
7253
7287
7289
7291
7293
7327
7329
7331
7333
7367
7369
7371
7373
7407
7409
7411
7413
7447
7449
7451
7453
7487
7489
7491
7493
7535
7537
7539
7541
7579
7581
7583
7585
7619
7621
7623
7625
7663
7665
7667
7669
7703
7705
7707
7709
7743
7745
7747
7749
7783
7785
7787
7789
7827
7829
7831
7833
7867
7869
7892
7895
7896
7922
7937
7948
7965
7997
8001
8007
8023
8025
8027
8089
8091
8101
8103
8105
8113
8115
8117
8133
8135
8175
8177
8225
8263
8291
8293
8295
8297
8331
8333
8335
8337
8387
8397
8401
8409
8419
8427
8433
8465
8477
8481
8489
8517
8521
8529
8531
8533
8535
8537
8579
8581
8583
8585
8635
8637
8639
8641
8748
8759
8785
8787
8789
8815
8817
8819
8821
8863
8865
8867
8869
8903
8905
8907
8909
9071
9073
9091
9093
9127
9129
9131
9133
9135
9137
9139
9141
9207
9209
9211
9213
9247
9249
9251
9253
9287
9289
9291
9293
9327
9329
9331
9333
9367
9369
9371
9377
9411
9413
9415
9417
9451
9453
9455
9457
9491
9493
9495
9497
9518
9519
9520
9521
9522
9556
9566
9568
9570
9580
9582
9608
9622
9632
9646
9660
9668
9670
9678
9680
9728
9734
9744
9762
9772
9784
9800
9808
9826
9828
9830
9832
9834
9836
9838
9840
9842
9846
9848
9850
9852
9899
9941
9942
9943
9944
9945
9947
9950
9956
9957
10039
10040
10151
10152
10155
10156
10164
10165
10188
10190
10204
10208
10209
10212
10213
10216
10217
10221
10222
10225
10226
10228
10244
10246
10247
10250
10629
10630
10631
10678
10679
10680
10688
10690
10692
10694
10836
10837
10838
10839
10840
10841
10842
10850
10858
10866
10868
10870
10872
10874
10876
10878
10880
10882
10884
10886
10888
10998
11014
11017
11052
11082
11083
11084
11101
11103
11105
11107
11109
11111
11129
11130
11132
11134
11135
11172
11174
11176
11178
11182
11184
11186
11188
11190
11192
11194
11196
11198
11200
11202
11207
11218
11219
11225
11227
11228
11229
11235
11238
11239
11245
11248
11249
11258
11259
11265
11267
11268
11269
11277
11279
11280
11283
11284
11285
11286
11287
11288
11289
11290
11291
11293
11295
11297
11298
11299
11301
11302
11303
11304
11305
11306
11307
11309
11311
11313
11315
11317
11319
11321
11323
11325
11327
11329
11331
11333
11335
11337
11339
11341
11343
11345
11347
11349
11351
11353
11355
11357
11359
11360
11365
11370
11371
11377
11379
11381
11387
11393
11395
11396
11399
11400
11433
11441
11442
11443
11444
11445
11446
11447
11448
11449
11450
11451
11452
11453
11454
11455
11462
11466
11475
11476
11478
11481
11482
11483
11484
11486
11488
11489
11496
11529
11530
11531
11532
11533
11534
11535
11536
11537
11538
11539
11540
11541
11542
11543
11544
11545
11547
11548
11549
11550
11551
11552
11553
11554
11555
11556
11557
11558
11561
11562
11563
11564
11566
11569
11572
11574
11577
11578
11579
11584
11585
11588
11612
11613
11614
11616
11619
11620
11622
11623
11624
11625
11626
11628
11629
11630
11632
11634
11640
11642
11644
11646
11648
11688
11689
11690
11691
11692
11693
11694
11695
11724
11725
11732
11733
11734
11735
11736
11737
11738
11739
11740
11741
11798
11803
11832
11855
11859
11870
11872
11873
11878
11881
11885
11886
11887
11889
11890
11891
11944
11957
11959
11961
11963
11965
11969
11971
11978
11985
11987
11989
11993
11995
11999
12003
12005
12011
12013
12015
12017
12019
12021
12023
12032
12034
12038
12042
12044
12049
12052
12053
12054
12055
12056
12058
12066
12068
12076
12084
12092
12093
12095
12096
12098
12102
12108
12109
12110
12179
12180
12181
12182
12183
12184
12185
12186
12187
12188
12189
12190
12191
12192
12193
12194
12195
12196
12198
12199
12200
12201
12202
12203
12204
12205
12206
12207
12208
12209
12210
12211
12212
12213
12214
12215
12217
12219
12220
12221
12225
12235
12236
12237
12238
12239
12241
12250
12257
12258
12259
12261
12262
12263
12265
12266
12267
12269
12270
12271
12274
12275
12297
12300
12301
12302
12304
12305
12344
12345
12346
12354
12356
12365
12366
12367
12441
12442
12478
12484
12485
12486
12487
12528
12529
12530
12531
12532
12533
12535
12536
12537
12538
12539
12540
12541
12542
12543
12544
12545
12546
12547
12548
12549
12550
12551
12557
12559
12563
12565
12608
12612
12614
12618
12620
12625
12631
12633
12709
12710
12729
12731
12733
12735
12743
12745
12747
12753
12761
12765
12767
12771
12773
12775
12777
12779
12785
12787
12789
12791
12801
12803
12805
12807
12814
12816
12818
12820
12822
12824
12826
12828
12836
12865
12994
13000
13001
13003
13119
13166
13209
13216
13217
13218
13219
13220
13221
13222
13223
13224
13225
13226
13227
13229
13230
13231
13232
13233
13234
13237
13238
13239
13240
13241
13242
13243
13244
13245
13246
13247
13248
13249
13250
13251
13252
13253
13255
13256
13257
13258
13259
13260
13261
13262
13263
13265
13267
13278
13279
13283
13284
13285
13286
13287
13320
13321
13773
13775
13777
13778
13779
13780
13784
13785
13791
13795
13801
13805
13807
13815
13817
13820
13821
13824
13825
13827
13828
13830
13831
13832
13834
13856
13864
13865
13866
13868
13870
13873
13876
13878
13879
13880
13881
13882
13883
13885
13886
13888
13890
13891
13893
13894
13918
13920
13921
13922
13923
13924
13926
13927
13929
13933
13935
13937
13939
13941
13943
13945
13947
13948
13949
13950
13951
13952
13953
13954
13955
13956
13957
13958
13959
13960
13963
13964
13965
13966
13967
13968
13969
13970
13972
13974
13976
13978
13980
13982
13984
13986
13988
13990
13992
13994
13995
13996
13997
13998
13999
14001
14003
14005
14007
14009
14011
14013
14015
14019
14021
14023
14025
14027
14031
14033
14035
14037
14039
14041
14043
14045
14047
14049
14051
14053
14055
14057
14059
14061
14063
14065
14067
14068
14069
14070
14072
14074
14076
14078
14080
14082
14084
14086
14090
14092
14094
14096
14098
14100
14102
14104
14108
14112
14114
14116
14118
14120
14122
14124
14126
14127
14128
14130
14134
14136
14138
14140
14142
14144
14146
14148
14150
14152
14154
14156
14158
14162
14164
14166
14168
14170
14172
14174
14176
14178
14184
14186
14188
14190
14192
14194
14200
14202
14204
14206
14208
14210
14220
14222
14226
14228
14230
14232
14234
14236
14238
14240
14242
14244
14246
14248
14250
14252
14254
14256
14258
14260
14262
14264
14266
14268
14270
14272
14274
14276
14278
14280
14282
14284
14286
14292
14295
14296
14297
14298
14299
14343
14358
14469
14486
14500
14518
14552
14648
14764
14770
14788
14842
14914
14918
15108
15152
15172
15214
15286
15290
15298
15300
15317
15331
15458
15459
15460
15461
15462
15463
15464
15465
15466
15477
15478
15479
15480
15508
15509
15510
15511
15587
15588
15589
15590
15591
15592
15593
15594
15596
15597
15599
15600
15601
15602
15604
15605
15607
15608
15609
15610
15611
15612
15613
15614
15615
15619
15620
15623
15625
15626
15627
15628
15629
15630
15631
15632
15646
15650
15653
15656
15660
15661
15662
15664
15666
15669
15671
15672
15673
15674
15675
15677
15681
15683
15687
15691
15693
15705
15707
15709
15711
15713
15715
15717
15721
15723
15727
15729
15733
15735
15737
15739
15744
15745
15746
15747
15749
15751
15753
15755
15757
15759
15761
15764
15766
15768
15770
15776
15778
15780
15784
15786
15788
15790
15792
15798
15800
15804
15806
15808
15810
15812
15813
15817
15818
15821
15824
15825
15826
15830
15831
15834
15838
15840
15844
15860
15862
15871
15872
15879
15881
15885
15887
15889
15891
15893
15895
15897
15898
15899
15900
15902
15903
15904
15905
15907
15909
15911
15913
15915
15917
15923
15931
15939
15947
15955
15957
15963
15965
15967
15992
15993
15994
15996
15997
15998
16000
16001
16002
16003
16004
16006
16008
16048
16049
16050
16051
16054
16057
16060
16062
16064
16065
16067
16068
16069
16118
16119
16120
16121
16122
16123
16124
16125
16189
16213
16214
16216
16221
16227
16228
16229
16231
16233
16236
16237
16238
16239
16240
16241
16242
16243
16245
16246
16247
16248
16249
16262
16263
16264
16265
16266
16269
16272
16273
16274
16275
16278
16281
16297
16299
16301
16303
16305
16307
16309
16311
16313
16315
16317
16319
16321
16323
16325
16327
16329
16331
16333
16335
16337
16339
16341
16343
16345
16347
16349
16351
16353
16355
16357
16359
16361
16363
16365
16367
16369
16371
16373
16375
16377
16379
16381
16383
16385
16387
16389
16391
16393
16395
16397
16399
16401
16403
16405
16407
16409
16411
16413
16415
16417
16419
16421
16423
16425
16427
16429
16431
16433
16435
16437
16439
16441
16443
16445
16447
16449
16451
16453
16455
16457
16459
16461
16463
16465
16467
16469
16471
16473
16475
16477
16479
16481
16483
16485
16487
16489
16491
16493
16495
16497
16499
16501
16503
16505
16507
16509
16511
16513
16515
16517
16519
16521
16523
16525
16527
16529
16531
16533
16535
16537
16591
16594
16595
16596
16597
16598
16601
16622
16631
16633
16634
16635
16636
16637
16638
16639
16640
16641
16642
16643
16644
16646
16647
16648
16649
16650
16651
16652
16653
16654
16655
16656
16657
16658
16659
16660
16661
16662
16663
16664
16665
16666
16667
16668
16669
16670
16671
16672
16673
16678
16679
16680
16681
16682
16683
16688
16690
16691
16694
16696
16697
16869
17136
17143
17167
17168
17174
17175
17176
17177
17178
17180
17181
17182
17184
17185
17186
17187
17190
17192
17194
17196
17199
17200
17201
17202
17203
17204
17205
17206
17207
17208
17209
17210
17211
17212
17213
17214
17215
17216
17217
17218
17219
17220
17222
17223
17224
17230
17231
17233
17234
17238
17241
17243
17244
17245
17251
17252
17254
17255
17256
17261
17262
17266
17267
17270
17272
17294
17300
17317
17323
17324
17325
17327
17328
17332
17333
17335
17336
17338
17340
17341
17345
17346
17349
17350
17351
17352
17353
17356
17357
17359
17363
17366
17367
17368
17392
17403
17404
17406
17407
17408
17424
17425
17426
17428
17429
17432
17433
17436
17437
17440
17444
17445
17448
17449
17452
17453
17455
17456
17459
17460
17463
17464
17466
17467
17470
17471
17476
17477
17478
17479
17480
17481
17482
17483
17485
17487
17495
17496
17497
17498
17499
17500
17520
17526
17528
17546
17547
17559
17619
17621
17623
17634
17636
17643
17646
17647
17648
17649
17650
17654
17656
17661
17663
17667
17668
17670
17674
17676
17679
17684
17687
17689
17690
17703
17709
17713
17715
17718
17720
17722
17726
17728
17732
17736
17738
17740
17765
17767
17769
17770
17771
17772
17791
17793
17794
17795
17796
17812
17814
17815
17816
17832
17834
17836
17838
17841
17843
17848
17849
17850
17857
17859
17861
17863
17865
17866
17867
17868
17869
17870
17871
17887
17888
17889
17893
17894
17895
17897
17898
17912
17918
17920
17922
17924
17926
17928
17930
17932
17938
17940
17941
17943
17947
17948
17949
17950
17951
17953
17954
17956
17958
17959
17960
17961
17966
17972
17975
17978
17982
17999
18025
18029
18036
18037
18038
18039
18040
18041
18042
18043
18044
18045
18046
18047
18048
18049
18050
18051
18052
18053
18054
18055
18056
18057
18058
18059
18060
18061
18062
18063
18064
18065
18066
18067
18068
18580
18590
18592
18594
18596
18598
18600
18602
18604
18606
18608
18610
18612
18614
18616
18618
18624
18626
18635
18637
18639
18655
18658
18660
18662
18664
18666
18668
18670
18672
18674
18676
18680
18682
18684
18686
18688
18690
18692
18694
18696
18698
18700
18702
18704
18706
18708
18710
18712
18714
18716
18718
18720
18722
18724
18726
18730
18742
18744
18746
18748
18752
18754
18756
18758
18760
18762
18764
18766
18768
18770
18772
18775
18777
18779
18781
18783
18787
18789
18791
18793
18795
18797
18799
18801
18803
18805
18807
18809
18811
18813
18815
18817
18819
18821
18823
18825
18827
18829
18831
18833
18835
18837
18839
18841
18843
18845
18847
18849
18851
18853
18855
18857
18859
18861
18863
18865
18867
18869
18871
18873
18875
18877
18879
18881
18883
18885
18887
18889
18891
18893
18895
18897
18899
18901
18903
18905
18907
18909
18911
18913
18915
18917
18919
18921
18923
18925
18927
18929
18931
18933
18935
18937
18939
18941
18943
18945
18947
18949
18951
18953
18955
18957
18959
18961
18963
18965
18967
18969
18971
18973
18975
18977
18979
18981
18983
18985
18987
18989
18991
18999
19003
19005
19007
19009
19011
19013
19015
19017
19019
19021
19023
19025
19027
19029
19031
19033
19035
19036
19037
19038
19039
19040
19041
19042
19043
19044
19045
19046
19047
19049
19051
19053
19055
19057
19065
19069
19071
19075
19077
19081
19083
19085
19087
19101
19103
19105
19107
19109
19111
19113
19115
19117
19119
19129
19131
19133
19135
19137
19139
19141
19143
19145
19147
19149
19151
19169
19171
19173
19175
19177
19179
19181
19183
19185
19187
19189
19191
19193
19194
19195
19196
19197
19198
19199
19200
19201
19202
19203
19204
19205
19206
19207
19208
19209
19211
19213
19215
19217
19219
19221
19223
19225
19227
19229
19231
19233
19235
19237
19239
19241
19243
19245
19247
19249
19251
19253
19255
19257
19258
19259
19260
19261
19262
19263
19264
19265
19266
19267
19268
19269
19270
19271
19272
19273
19274
19275
19276
19277
19278
19279
19280
19281
19282
19283
19284
19285
19286
19287
19288
19289
19293
19295
19297
19299
19301
19303
19311
19313
19315
19317
19319
19321
19323
19325
19327
19329
19335
19337
19339
19341
19343
19345
19347
19349
19351
19353
19359
19361
19398
19400
19401
19402
19403
19404
19405
19406
19407
19408
19409
19410
19416
19417
19418
19419
19420
19421
19422
19470
19500
19534
19535
19536
19537
19538
19539
19540
19547
19548
19549
19550
19551
19553
19554
19555
19556
19660
19663
19684
19685
19686
19687
19688
19689
19690
19691
19692
19693
19694
19695
19697
19699
19700
19719
19722
19724
19725
19726
19739
19744
19745
19759
19760
19761
19766
19767
19806
19808
19810
19812
19814
19921
19922
19923
19925
19927
19929
19931
19933
19935
19937
19939
19942
19944
19946
19948
19950
19952
19962
19966
19968
19970
19974
19976
19978
19980
19982
19988
19992
19994
19996
19998
20000
20004
20008
20010
20012
20014
20016
20018
20020
20022
20024
20028
20032
20038
20040
20043
20045
20047
20049
20059
20060
20061
20062
20063
20064
20065
20066
20069
20070
20110
20114
20115
20116
20121
20124
20125
20138
20157
20158
20159
20160
20161
20171
20172
20175
20183
20185
20187
20189
20199
20209
20210
20211
20212
20213
20214
20216
20218
20220
20222
20224
20226
20228
20230
20232
20234
20236
20238
20240
20242
20244
20246
20248
20250
20252
20254
20260
20262
20264
20280
20306
20307
20308
20312
20314
20315
20327
20342
20345
20347
20349
20351
20353
20358
20371
20405
20406
20408
20409
20410
20411
20412
20413
20414
20415
20416
20417
20418
20419
20420
20421
20423
20424
20425
20433
20443
20444
20445
20446
20447
20448
20450
20451
20452
20453
20454
20494
20495
20498
20499
20500
20501
20502
20503
20504
20505
20506
20507
20508
20509
20514
20524
20525
20526
20527
20528
20530
20531
20532
20533
20539
20555
20557
20561
20563
20565
20567
20569
20589
20591
20595
20597
20613
20617
20700
20701
20702
20703
20721
20723
20725
20727
20729
20731
20733
20735
20737
20739
20741
20743
20745
20747
20749
20751
20753
20755
20757
20767
20769
20771
20773
20779
20783
20799
20819
20821
20825
20839
20847
20849
20851
20853
20855
20865
20867
20869
20877
20879
20913
20915
20917
20919
20921
20929
20931
20941
20959
21009
21011
21013
21017
21018
21019
21020
21021
21023
21024
21025
21027
21029
21030
21035
21036
21037
21038
21059
21071
21073
21074
21078
21079
21080
21081
21082
21084
21085
21086
21087
21089
21096
21097
21194
21208
21212
21216
21220
21222
21224
21226
21228
21232
21234
21236
21238
21246
21254
21256
21258
21260
21274
21276
21278
21280
21284
21286
21288
21292
21320
21322
21324
21326
21334
21336
21338
21340
21344
21352
21354
21356
21362
21368
21370
21372
21374
21380
21384
21386
21388
21390
21392
21394
21396
21398
21402
21404
21406
21408
21412
21450
21472
21474
21476
21478
21480
21484
21486
21493
21498
21510
21512
21525
21540
21568
21570
21571
21572
21584
21585
21586
21587
21588
21589
21590
21591
21592
21593
21594
21595
21596
21603
21606
21610
21611
21628
21638
21640
21666
21667
21668
21718
21720
21721
21722
21724
21725
21726
21727
21730
21731
21732
21733
21740
21790
21791
21802
21803
21841
21853
21855
21857
21867
21868
21888
21889
21890
21894
21896
21898
21902
21904
21906
21910
21912
21914
21918
21922
21924
21926
21928
21931
21935
21937
21939
21956
21961
22043
22107
22108
22109
22110
22111
22112
22113
22114
22115
22116
22117
22119
22120
22121
22122
22123
22124
22125
22126
22127
22128
22129
22130
22131
22133
22134
22135
22136
22175
22176
22177
22178
22227
22228
22229
22242
22291
22299
22300
22301
22302
22307
22309
22310
22428
22430
22436
22440
22442
22444
22446
22448
22452
22456
22460
22464
22466
22468
22470
22474
22534
22535
22536
22542
22543
22544
22546
22548
22551
22552
22553
22555
22557
22559
22570
22571
22572
22573
22576
22577
22578
22611
22613
22615
22619
22623
22715
22761
22765
22766
22778
22779
22782
22783
22806
22807
22808
22809
22879
22889
22891
22927
22929
22931
22945
22947
22961
22963
22967
22969
22971
22973
22975
22977
22983
22985
22987
22989
22991
22993
22995
22999
23001
23003
23005
23009
23011
23013
23015
23017
23019
23021
23023
23025
23027
23029
23031
23033
23035
23037
23039
23041
23043
23045
23047
23049
23051
23053
23055
23057
23059
23061
23062
23069
23071
23073
23075
23077
23079
23081
23083
23085
23087
23089
23091
23093
23095
23097
23099
23101
23103
23105
23107
23109
23111
23113
23115
23117
23119
23121
23123
23124
23128
23129
23138
23139
23142
23143
23145
23147
23149
23150
23152
23154
23158
23159
23160
23161
23162
23163
23164
23165
23166
23167
23168
23169
23174
23175
23418
23473
23474
23506
23507
23510
23511
23512
23513
23523
23524
23525
23526
23527
23528
23533
23534
23536
23537
23559
23560
23561
23562
23563
23564
23566
23594
23606
23618
23659
23660
23674
23702
23703
23705
23706
23707
23708
23709
23711
23712
23713
23714
23715
23716
23717
23718
23719
23720
23721
23722
23723
23724
23725
23726
23727
23728
23729
23730
23731
23732
23735
23757
23785
23789
23797
23801
23813
23819
23821
23824
23829
23840
23844
23894
23915
23950
23953
24241
24242
24268
24270
24283
24284
24305
24311
24312
24313
24314
24348
24349
24395
24396
24417
24427
24438
24443
24445
24471
24473
24475
24477
24478
24479
24486
24488
24490
24492
24493
24494
24495
24497
24499
24501
24503
24505
24507
24509
24511
24513
24515
24517
24519
24521
24523
24525
24529
24531
24533
24535
24537
24539
24541
24547
24554
24558
24559
24560
24562
24563
24567
24568
24569
24570
24571
24572
24574
24592
24593
24594
24595
24596
24597
24606
24613
24624
24625
24632
24636
24637
24638
24639
24640
24641
24644
24646
24653
24654
24655
24656
24657
24658
24659
24660
24663
24669
24688
24690
24692
24694
24696
24698
24699
24700
24702
24764
25233
25235
25239
25242
25252
25266
25267
25268
25270
25273
25274
25275
25276
25277
25278
25279
25280
25285
25287
25288
25290
25305
25331
25332
25333
25349
25530
25538
25544
25545
25546
25547
25548
25561
25562
25563
25565
25567
25569
25571
25588
25589
25590
25591
25592
25593
25594
25595
25596
25597
25598
25599
25600
25601
25602
25603
25604
25605
25606
25607
25608
25609
25610
25611
25612
25613
25614
25615
25616
25617
25618
25619
25620
25621
25622
25623
25624
25625
25707
25709
25711
25713
25715
25718
25719
25736
25737
25739
25810
25811
25812
25821
25861
25862
25863
25868
25887
25888
25890
25891
25892
25894
25895
25896
25897
25898
25899
25900
25906
25907
25908
25910
25912
25918
25919
25920
25921
25929
25935
25936
25948
25949
25950
25951
25953
25954
25955
25956
25957
25968
25972
25974
25976
25996
26000
26006
26020
26021
26023
26026
26027
26028
26029
26030
26031
26041
26042
26043
26046
26047
26048
26058
26060
26068
26070
26072
26073
26076
26080
26082
26083
26084
26085
26088
26089
26091
26100
26102
26106
26107
26108
26109
26111
26224
26252
26253
26254
26255
26256
26257
26258
26259
26260
26261
26286
26288
26290
26292
26294
26296
26298
26302
26304
26306
26310
26312
26318
26322
26324
26328
26330
26338
26344
26348
26358
26360
26368
26370
26372
26374
26376
26378
26380
26382
26384
26386
26388
26390
26392
26394
26396
26400
26402
26404
26406
26412
26414
26416
26418
26420
26424
26428
26430
26432
26434
26436
26438
26440
26442
26444
26446
26448
26450
26452
26759
26760
26761
26762
26888
26890
26892
26902
26912
26913
26914
26929
26930
26931
27064
27068
27070
27071
27072
27073
27074
27075
27080
27081
27082
27083
27084
27090
27091
27094
27098
27099
27102
27103
27104
27105
27107
27108
27109
27111
27114
27115
27116
27117
27118
27119
27121
27122
27125
27126
27127
27128
27129
27130
27131
27142
27143
27147
27148
27149
27151
27167
27169
27170
27171
27174
27175
27176
27177
27178
27179
27180
27181
27182
27184
27185
27186
27187
27188
27190
27191
27192
27193
27194
27195
27196
27197
27198
27224
27225
27227
27231
27233
27235
27237
27238
27239
27240
27245
27247
27250
27251
27252
27256
27258
27260
27309
27313
27315
27317
27321
27327
27329
27331
27333
27339
27343
27345
27347
27349
27351
27353
27357
27359
27361
27365
27367
27369
27371
27375
27377
27379
27381
27383
27385
27387
27391
27393
27395
27401
27403
27405
27411
27413
27417
27419
27423
27427
27429
27433
27435
27439
27441
27443
27445
27447
27449
27451
27453
27483
27495
27530
27532
27533
27535
27536
27538
27539
27540
27544
27548
27550
27556
27559
27563
27565
27569
27570
27573
27576
27579
27582
27585
27597
27625
27631
27636
27638
27640
27646
27649
27652
27672
27674
27678
27770
27772
27773
27774
27777
27779
27780
27786
27788
27790
27856
27858
27897
27902
27904
27906
27911
27912
27913
27914
27916
27918
27919
27920
27921
27922
27923
27924
27925
27930
27932
27933
27934
27936
27951
28073
28164
28197
28199
28201
28203
28205
28207
28209
28211
28213
28215
28231
28236
28237
28266
28268
28270
28272
28274
28276
28280
28282
28284
28286
28288
28290
28294
28296
28300
28302
28304
28308
28324
28326
28328
28332
28334
28336
28351
28352
28361
28362
28363
28364
28365
28366
28367
28374
28375
28377
28385
28387
28388
28390
28391
28393
28394
28397
28401
28402
28403
28405
28408
28409
28410
28416
28417
28420
28422
28423
28424
28426
28427
28429
28433
28434
28435
28437
28439
28440
28443
28444
28514
28576
28578
28583
28585
28605
28606
28609
28615
28646
28652
28654
28655
28656
28659
28661
28665
28667
28668
28670
28672
28674
28676
28678
28680
28682
28684
28694
28695
28696
28697
28698
28699
28700
28701
28710
28740
28752
28754
28756
28758
28788
28792
28796
28797
28798
28799
28800
28801
28802
28803
28808
28809
28810
28811
28812
28813
28840
28844
28846
28848
28850
28879
28880
28974
28999
29000
29001
29003
29004
29005
29006
29007
29008
29009
29010
29011
29012
29013
29014
29015
29016
29029
29039
29041
29044
29050
29067
29071
29073
29076
29080
29091
29095
29109
29248
29249
29266
29336
29337
29340
29344
29613
29616
29618
29620
29622
29637
29663
29668
29964
29965
29966
29967
29969
29970
29971
29972
29974
29975
29976
29977
29979
29980
29981
29982
29984
29986
29988
29990
29992
29993
29994
29995
29996
30002
30003
30008
30013
30014
30018
30019
30021
30022
30024
30028
30029
30036
30038
30040
30042
30046
30048
30050
30052
30056
30058
30060
30062
30066
30068
30070
30072
30076
30078
30080
30082
30086
30088
30090
30092
30096
30098
30100
30102
30106
30108
30110
30112
30117
30118
30119
30120
30122
30123
30124
30125
30127
30128
30129
30130
30132
30133
30134
30135
30139
30141
30143
30145
30149
30151
30153
30155
30159
30161
30163
30165
30169
30171
30173
30175
30187
30221
30248
30251
30252
30254
30258
30259
30268
30269
30270
30271
30303
30304
30305
30306
30307
30308
30309
30310
30311
30324
30344
30345
30346
30348
30349
30350
30351
30352
30368
30370
30371
30372
30373
30374
30375
30376
30377
30378
30464
30465
30466
30467
30470
30474
30475
30476
30477
30478
30479
30486
30488
30532
30536
30537
30538
30539
30540
30541
30542
30543
30544
30545
30546
30547
30548
30549
30550
30551
30552
30553
30554
30558
30562
30582
30586
30588
30599
30600
30605
30614
30615
30618
30628
30632
30633
30650
30651
30652
30653
30655
30656
30744
30745
30746
30747
30752
30753
30754
30788
30832
30834
30836
30842
30987
30993
30997
30999
31003
31005
31009
31011
31015
31017
31021
31023
31026
31027
31029
31033
31035
31039
31041
31045
31047
31051
31053
31055
31056
31057
31059
31061
31063
31065
31067
31069
31071
31073
31077
31079
31083
31085
31089
31091
31105
31106
31107
31108
31111
31113
31117
31118
31119
31120
31121
31123
31125
31129
31130
31131
31141
31142
31143
31147
31149
31153
31154
31155
31156
31159
31160
31161
31162
31165
31167
31171
31173
31177
31178
31179
31180
31183
31185
31189
31190
31191
31197
31201
31202
31203
31207
31213
31214
31215
31216
31220
31222
31226
31227
31229
31232
31234
31238
31239
31240
31241
31244
31246
31251
31252
31256
31258
31262
31264
31274
31275
31276
31280
31282
31286
31288
31294
31298
31300
31304
31306
31310
31312
31316
31322
31324
31328
31330
31336
31340
31342
31346
31348
31352
31354
31358
31359
31360
31361
31364
31366
31370
31371
31372
31373
31374
31376
31378
31380
31382
31384
31385
31388
31390
31394
31396
31397
31400
31402
31406
31407
31408
31409
31410
31412
31414
31416
31418
31424
31426
31430
31436
31438
31442
31444
31448
31450
31454
31456
31460
31462
31464
31466
31472
31474
31478
31480
31484
31486
31488
31490
31492
31496
31498
31504
31508
31510
31514
31516
31520
31522
31526
31528
31532
31534
31536
31538
31540
31541
31544
31546
31548
31550
31558
31562
31564
31565
31568
31570
31572
31574
31576
31580
31582
31586
31587
31588
31592
31594
31598
31599
31600
31604
31606
31608
31609
31610
31611
31614
31616
31620
31621
31622
31623
31626
31628
31632
31634
31638
31640
31644
31645
31646
31650
31652
31656
31658
31662
31664
31666
31668
31670
31674
31676
31678
31680
31682
31686
31688
31690
31692
31694
31698
31700
31704
31706
31710
31712
31716
31718
31722
31724
31726
31728
31730
31734
31736
31740
31742
31746
31748
31752
31754
31758
31760
31762
31764
31766
31770
31772
31776
31782
31784
31788
31790
31791
31792
31794
31796
31800
31802
31803
31810
31812
31816
31818
31822
31824
31864
31866
31868
31870
31872
31874
31876
31878
31880
31882
31884
31886
31888
31890
31892
31894
31896
31900
31902
31904
31908
31922
31924
31926
31928
31930
31932
31936
31942
31944
31946
31952
31954
31955
31956
31957
31958
31959
31962
31963
31964
31965
31966
31968
31969
31970
31971
31972
31973
31974
31975
31976
31977
31978
31979
31982
31990
31998
32006
32014
32025
32027
32029
32033
32035
32037
32039
32041
32043
32044
32045
32047
32049
32051
32052
32055
32057
32059
32061
32063
32069
32071
32073
32083
32087
32093
32095
32101
32104
32107
32108
32109
32110
32111
32112
32113
32114
32115
32116
32117
32122
32123
32124
32125
32226
32245
32246
32248
32250
32254
32255
32260
32262
32305
32307
32309
32311
32325
32339
32340
32342
32344
32414
32435
32436
32442
32444
32458
32459
32772
32774
32780
32782
32787
32792
32793
32797
32799
32801
32803
32811
32817
32819
32836
32846
32853
32854
32858
32861
32862
32863
32870
32871
32872
32873
32874
32875
32876
32877
32878
32879
32880
32881
32918
32982
32983
32985
32987
32989
32993
32994
32995
32999
33000
33001
33002
33003
33004
33005
33006
33007
33008
33009
33010
33011
33015
33016
33017
33019
33023
33026
33028
33037
33041
33057
33060
33061
33062
33063
33066
33076
33078
33079
33081
33083
33091
33092
33093
33094
33095
33096
33097
33098
33099
33101
33103
33109
33138
33139
33140
33141
33149
33151
33153
33155
33157
33176
33177
33178
33179
33180
33181
33190
33195
33197
33199
33201
33213
33223
33270
33271
33272
33277
33279
33303
33329
33330
33332
33334
33336
33337
33339
33341
33359
33360
33361
33362
33366
33377
33379
33380
33382
33383
33393
33394
33399
33400
33403
33404
33405
33406
33407
33440
33441
33442
33446
33449
33450
33453
33457
33466
33467
33468
33470
33472
33474
33475
33476
33477
33483
33484
33513
33515
33516
33517
33519
33520
33522
33525
33526
33527
33528
33529
33539
33549
33550
33551
33552
33555
33557
33559
33561
33563
33565
33569
33571
33572
33573
33575
33577
33579
33581
33582
33583
33584
33589
33591
33595
33597
33598
33600
33601
33602
33604
33605
33606
33607
33608
33612
33618
33619
33620
33625
33627
33643
33651
33655
33657
33659
33661
33663
33665
33667
33669
33671
33672
33677
33681
33683
33689
33693
33695
33697
33699
33700
33702
33704
33705
33706
33707
33708
33710
33712
33720
33721
33722
33728
33733
33734
33735
33736
33754
33756
33775
33782
33793
33798
33799
33808
33813
33816
33818
33820
33822
33823
33824
33826
33828
33830
33832
33842
33844
33846
33848
33850
33852
33856
33867
33871
33873
33875
33877
33879
33881
33883
33890
33891
33892
33894
33895
33896
33898
33899
33900
33902
33904
33915
33917
33918
33919
33923
33924
33926
33927
33928
33929
33931
33932
33935
33939
33940
33941
33946
33947
33948
33949
33950
33951
33952
33953
33954
33955
33959
33960
33961
33964
33965
33967
33968
33970
33971
33972
33973
33974
33976
33981
33983
33985
33988
34017
34018
34024
34025
34031
34032
34035
34038
34039
34042
34049
34057
34059
34064
34065
34068
34073
34074
34080
34088
34089
34091
34097
34099
34100
34102
34108
34111
34118
34122
34124
34126
34132
34133
34156
34157
34165
34177
34178
34179
34201
34202
34203
34204
34205
34206
34207
34208
34264
34266
34267
34268
34269
34272
34278
34280
34282
34284
34286
34290
34292
34294
34306
34307
34317
34327
34328
34329
34347
34349
34350
34351
34353
34356
34357
34358
34360
34362
34363
34390
34393
34394
34396
34397
34412
34414
34416
34417
34418
34419
34420
34421
34422
34423
34424
34425
34426
34427
34428
34429
34430
34431
34432
34433
34434
34435
34436
34443
34481
34483
34485
34487
34489
351671
354177
354180
355567
364410